time,dr,drc,dw,dwc,nr,nwfirst,size
573178,24960,6,0,0,8192,8192,11390
2288601,91136,19,0,0,8192,8192,75542
1739017,33280,8,0,0,8192,8192,19157
721730,16640,4,0,0,8192,737,737
1100519,25088,7,0,0,8192,8192,15333
919687,25088,7,0,0,8192,8192,9686
720748,16768,5,0,0,8192,719,719
2307918,74752,17,0,0,8192,8192,65536
1469655,16768,5,0,0,8192,625,625
1542036,16768,5,0,0,8192,679,679
511756,25088,7,0,0,8192,8192,10753
1485204,16768,5,0,0,8192,625,625
1883655,16640,4,0,0,8192,621,621
1856393,25088,7,0,0,8192,8192,10027
622802,25088,7,0,0,8192,8192,9598
1729819,16768,5,0,0,8192,617,617
1639816,16768,5,0,0,8192,658,658
1948462,33408,9,0,0,8192,8192,17504
2076700,58368,15,0,0,8192,8192,46958
2492866,74368,14,0,0,8192,8192,62815
2098819,49920,12,0,0,8192,8192,35924
1914948,41600,10,0,0,8192,8192,26544
720458,16640,4,0,0,8192,652,652
3313550,157440,33,0,0,8192,8192,146278
1767814,41728,11,0,0,8192,8192,26544
1430791,16768,5,0,0,8192,637,637
914824,24960,6,0,0,8192,8192,14540
1546257,16768,5,0,0,8192,679,679
1742022,25088,7,0,0,8192,8192,9861
1852540,33408,9,0,0,8192,8192,20250
1815399,33280,8,0,0,8192,8192,20148
631774,16768,5,0,0,8192,618,618
1976745,41728,11,0,0,8192,8192,29360
1479410,16768,5,0,0,8192,622,622
1846613,16768,5,0,0,8192,743,743
1668654,25088,7,0,0,8192,8192,9071
1893509,41600,10,0,0,8192,8192,28259
1695247,25088,7,0,0,8192,8192,10583
2119354,49920,12,0,0,8192,8192,37314
2886543,99712,23,0,0,8192,8192,83229
1593669,16768,5,0,0,8192,606,606
1948983,25088,7,0,0,8192,8192,11517
1704677,33280,8,0,0,8192,8192,18955
2314007,74880,18,0,0,8192,8192,63567
1817293,41600,10,0,0,8192,8192,27632
1329881,16640,4,0,0,8192,655,655
3050741,189056,28,0,0,8192,8192,174405
2138580,41728,11,0,0,8192,8192,30334
1808935,25216,8,0,0,8192,8192,13444
1647693,25088,7,0,0,8192,8192,14856
2013599,50048,13,0,0,8192,8192,34671
992373,33408,9,0,0,8192,8192,19425
1762787,25088,7,0,0,8192,8192,15520
736135,25088,7,0,0,8192,8192,12231
854585,16768,5,0,0,8192,679,679
1518192,16768,5,0,0,8192,664,664
1854267,33408,9,0,0,8192,8192,18276
1528939,16768,5,0,0,8192,625,625
1699626,25088,7,0,0,8192,8192,12443
2244472,66688,17,0,0,8192,8192,52852
1673530,16768,5,0,0,8192,736,736
2065268,41600,10,0,0,8192,8192,28168
614107,16768,5,0,0,8192,666,666
2525001,66688,17,0,0,8192,8192,52525
1528028,16768,5,0,0,8192,700,700
1772862,25088,7,0,0,8192,8192,15628
1681814,25088,7,0,0,8192,8192,11060
1701808,25088,7,0,0,8192,8192,11608
1497153,16768,5,0,0,8192,603,603
46255922,397563,711,0,0,8192,8192,36582
1782441,25088,7,0,0,8192,8192,12377
1864850,33408,9,0,0,8192,8192,17864
949642,33408,9,0,0,8192,8192,19334
2274300,25088,7,0,0,8192,8192,13547
631702,25088,7,0,0,8192,8192,9639
749321,58112,13,0,0,8192,8192,42592
553759,16768,5,0,0,8192,625,625
647905,16768,5,0,0,8192,655,655
649039,25088,7,0,0,8192,8192,12753
473730,24832,5,0,0,8192,8192,12647
832660,16768,5,0,0,8192,672,672
704132,16768,5,0,0,8192,649,649
811685,16768,5,0,0,8192,625,625
1738464,25088,7,0,0,8192,8192,10341
1804635,41600,10,0,0,8192,8192,31042
2029999,50048,13,0,0,8192,8192,35142
1536333,16768,5,0,0,8192,695,695
1764765,33280,8,0,0,8192,8192,17853
2069576,50048,13,0,0,8192,8192,34117
1904189,25088,7,0,0,8192,8192,11298
2351356,66560,16,0,0,8192,8192,51519
1798293,25088,7,0,0,8192,8192,14728
1589413,16768,5,0,0,8192,727,727
1636673,25088,7,0,0,8192,8192,9695
1470518,16768,5,0,0,8192,664,664
1875680,49792,11,0,0,8192,8192,34038
2068556,33024,6,0,0,8192,8192,17370
1707207,25088,7,0,0,8192,8192,15840
1877823,33408,9,0,0,8192,8192,17024
1009686,25088,7,0,0,8192,8192,11567
1790567,25088,7,0,0,8192,8192,10108
1658077,16768,5,0,0,8192,728,728
1674658,16768,5,0,0,8192,683,683
1721499,25088,7,0,0,8192,8192,8662
1516964,16768,5,0,0,8192,691,691
3545028,149248,32,0,0,8192,8192,136291
1653384,16768,5,0,0,8192,658,658
2045659,50048,13,0,0,8192,8192,35805
1469703,16768,5,0,0,8192,669,669
1236897,16768,5,0,0,8192,655,655
1578656,16768,5,0,0,8192,706,706
1984643,41728,11,0,0,8192,8192,30496
1531438,16768,5,0,0,8192,618,618
1959399,41728,11,0,0,8192,8192,26029
1615196,16768,5,0,0,8192,640,640
2931856,141568,35,0,0,8192,8192,126505
1442235,16768,5,0,0,8192,649,649
2804970,66304,14,0,0,8192,8192,51630
634515,16768,5,0,0,8192,703,703
1788072,41728,11,0,0,8192,8192,24850
522306,16640,4,0,0,8192,740,740
1761730,33408,9,0,0,8192,8192,22204
1395628,16640,4,0,0,8192,688,688
1817710,33408,9,0,0,8192,8192,22499
1448910,16768,5,0,0,8192,673,673
1795865,24960,6,0,0,8192,8192,13073
1831802,41728,11,0,0,8192,8192,26930
1740026,33408,9,0,0,8192,8192,16668
2455122,58368,15,0,0,8192,8192,44935
1680096,33280,8,0,0,8192,8192,17487
1372740,16640,4,0,0,8192,733,733
1591648,24960,6,0,0,8192,8192,10890
1866020,41728,11,0,0,8192,8192,25631
1369590,16640,4,0,0,8192,622,622
1476511,24960,6,0,0,8192,8192,13763
1300901,16640,4,0,0,8192,625,625
1434014,16768,5,0,0,8192,685,685
1708878,25088,7,0,0,8192,8192,12603
1569556,16640,4,0,0,8192,633,633
2037159,50048,13,0,0,8192,8192,33866
1540732,16768,5,0,0,8192,692,692
671906,16768,5,0,0,8192,709,709
898676,16640,4,0,0,8192,652,652
2572064,91648,23,0,0,8192,8192,75159
1357485,16640,4,0,0,8192,679,679
1580187,33024,6,0,0,8192,8192,17130
1400719,16768,5,0,0,8192,659,659
1464300,24960,6,0,0,8192,8192,10079
525229,16768,5,0,0,8192,652,652
1945380,41728,11,0,0,8192,8192,32134
597645,16640,4,0,0,8192,709,709
1295295,16640,4,0,0,8192,612,612
763610,66688,17,0,0,8192,8192,54377
672627,16768,5,0,0,8192,652,652
1377098,16640,4,0,0,8192,650,650
1571937,16768,5,0,0,8192,621,621
1678404,41728,11,0,0,8192,8192,24930
1934457,41728,11,0,0,8192,8192,32476
1854026,24960,6,0,0,8192,8192,13753
1832412,41728,11,0,0,8192,8192,31430
1718711,33408,9,0,0,8192,8192,18758
1376799,16640,4,0,0,8192,632,632
1411716,16640,4,0,0,8192,622,622
1373781,16640,4,0,0,8192,703,703
1522255,33152,7,0,0,8192,8192,17852
1542263,25088,7,0,0,8192,8192,10287
1872967,41728,11,0,0,8192,8192,27010
956283,33408,9,0,0,8192,8192,16901
1478009,16768,5,0,0,8192,649,649
1292971,16640,4,0,0,8192,646,646
1764880,33280,8,0,0,8192,8192,24471
2660508,91648,23,0,0,8192,8192,79016
1462132,16640,4,0,0,8192,628,628
1510710,24960,6,0,0,8192,8192,9014
1351163,16640,4,0,0,8192,666,666
1398044,16768,5,0,0,8192,633,633
1838319,41728,11,0,0,8192,8192,29737
796008,24832,5,0,0,8192,8192,10506
1417410,16640,4,0,0,8192,634,634
1431876,33152,7,0,0,8192,8192,17112
1943023,41728,11,0,0,8192,8192,30130
3981778,208128,51,0,0,8192,8192,191066
1653938,33408,9,0,0,8192,8192,18743
1477244,24960,6,0,0,8192,8192,16158
1378460,16768,5,0,0,8192,646,646
2746560,74752,17,0,0,8192,8192,63119
2288482,57728,10,0,0,8192,8192,45166
1800454,25088,7,0,0,8192,8192,10556
1575155,33152,7,0,0,8192,8192,22858
1017302,16768,5,0,0,8192,673,673
853636,25088,7,0,0,8192,8192,9655
1809932,25088,7,0,0,8192,8192,12513
1016214,16640,4,0,0,8192,662,662
1471247,25088,7,0,0,8192,8192,13344
1451916,41344,8,0,0,8192,8192,27309
869887,16640,4,0,0,8192,685,685
592892,16768,5,0,0,8192,652,652
722994,49920,12,0,0,8192,8192,37340
1244214,16768,5,0,0,8192,630,630
663605,33408,9,0,0,8192,8192,19711
651842,25088,7,0,0,8192,8192,15452
1382126,266240,64,0,0,8192,8192,247436
587723,33280,8,0,0,8192,8192,22092
610190,33152,7,0,0,8192,8192,17224
2199389,33408,9,0,0,8192,8192,17481
685272,49408,8,0,0,8192,8192,33758
679990,25088,7,0,0,8192,8192,13085
990307,25088,7,0,0,8192,8192,15061
2372854,66688,17,0,0,8192,8192,56118
1015692,16640,4,0,0,8192,612,612
633283,16768,5,0,0,8192,613,613
1285956,25088,7,0,0,8192,8192,11877
691372,33408,9,0,0,8192,8192,17156
756954,33408,9,0,0,8192,8192,21813
2249692,41728,11,0,0,8192,8192,30132
569217,16768,5,0,0,8192,766,766
1451899,16640,4,0,0,8192,721,721
686956,16640,4,0,0,8192,700,700
990868,25088,7,0,0,8192,8192,16361
1180179,49792,11,0,0,8192,8192,37553
656219,16768,5,0,0,8192,600,600
575257,16768,5,0,0,8192,724,724
571969,16640,4,0,0,8192,636,636
615608,33408,9,0,0,8192,8192,16628
606932,24960,6,0,0,8192,8192,10915
605925,16768,5,0,0,8192,676,676
543421,16768,5,0,0,8192,649,649
802632,25088,7,0,0,8192,8192,9434
1075661,25088,7,0,0,8192,8192,12369
683613,25088,7,0,0,8192,8192,11332
983822,57600,9,0,0,8192,8192,49152
1744757,49920,12,0,0,8192,8192,39582
1695444,33024,6,0,0,8192,8192,20733
1188969,25088,7,0,0,8192,8192,9178
2039762,49920,12,0,0,8192,8192,38000
723930,25088,7,0,0,8192,8192,11595
709498,33408,9,0,0,8192,8192,22999
628769,16768,5,0,0,8192,673,673
2005394,16640,4,0,0,8192,622,622
678305,57856,11,0,0,8192,8192,41690
1885550,25088,7,0,0,8192,8192,11475
1154818,24832,5,0,0,8192,8192,12578
1158172,98944,17,0,0,8192,8192,89316
2386717,24960,6,0,0,8192,8192,10487
5442059,50048,13,0,0,8192,8192,37197
2242073,25088,7,0,0,8192,8192,10378
1104194,25088,7,0,0,8192,8192,11279
772512,50048,13,0,0,8192,8192,38643
9483652,41728,11,0,0,8192,8192,26168
1377885,90368,13,0,0,8192,8192,74278
856950,50048,13,0,0,8192,8192,34274
1312601,16640,4,0,0,8192,688,688
512746,16768,5,0,0,8192,615,615
814816,99840,24,0,0,8192,8192,84216
941091,16768,5,0,0,8192,721,721
625144,41344,8,0,0,8192,8192,25191
497213,16640,4,0,0,8192,686,686
721925,41344,8,0,0,8192,8192,30176
534634,16640,4,0,0,8192,734,734
2129815,25088,7,0,0,8192,8192,13197
694064,16640,4,0,0,8192,697,697
1998827,25088,7,0,0,8192,8192,14732
544913,16640,4,0,0,8192,716,716
956189,33408,9,0,0,8192,8192,17134
715822,24832,5,0,0,8192,8192,12144
531920,16768,5,0,0,8192,733,733
1027360,16640,4,0,0,8192,703,703
850690,16640,4,0,0,8192,639,639
875512,66304,14,0,0,8192,8192,57344
2020720,33408,9,0,0,8192,8192,19850
564353,24960,6,0,0,8192,8192,13869
511368,16640,4,0,0,8192,621,621
3122084,157568,34,0,0,8192,8192,142658
1061495,24832,5,0,0,8192,8192,13580
1372869,16640,4,0,0,8192,640,640
669002,25216,8,0,0,8192,8192,10654
552894,16768,5,0,0,8192,703,703
1255345,16640,4,0,0,8192,886,886
564218,24832,5,0,0,8192,8192,10101
662759,41472,9,0,0,8192,8192,29611
632910,16640,4,0,0,8192,656,656
1680644,25216,8,0,0,8192,8192,16491
1404529,16768,5,0,0,8192,682,682
743549,16768,5,0,0,8192,655,655
1368908,16640,4,0,0,8192,680,680
2236605,16640,4,0,0,8192,657,657
1595506,24960,6,0,0,8192,8192,11910
620901,16768,5,0,0,8192,748,748
665269,33280,8,0,0,8192,8192,22522
611033,16768,5,0,0,8192,633,633
673037,16640,4,0,0,8192,655,655
624766,16768,5,0,0,8192,639,639
611135,16768,5,0,0,8192,675,675
636245,16768,5,0,0,8192,661,661
1599301,25088,7,0,0,8192,8192,9610
564643,16640,4,0,0,8192,649,649
922046,50048,13,0,0,8192,8192,37879
1682160,16640,4,0,0,8192,643,643
1958321,25088,7,0,0,8192,8192,15319
862100,41728,11,0,0,8192,8192,27332
480520,16768,5,0,0,8192,655,655
577456,33408,9,0,0,8192,8192,22967
506390,16768,5,0,0,8192,703,703
1327092,16768,5,0,0,8192,660,660
2225713,57600,9,0,0,8192,8192,47693
1630343,25088,7,0,0,8192,8192,15692
747275,16768,5,0,0,8192,696,696
824857,16768,5,0,0,8192,653,653
1718892,25088,7,0,0,8192,8192,9702
1724371,41600,10,0,0,8192,8192,29769
1386385,16640,4,0,0,8192,625,625
624348,33152,7,0,0,8192,8192,22898
712673,16768,5,0,0,8192,642,642
1810438,24832,5,0,0,8192,8192,16526
1130769,108160,26,0,0,8192,8192,95639
1459649,33280,8,0,0,8192,8192,23416
2660946,124928,31,0,0,8192,8192,114688
819555,41728,11,0,0,8192,8192,28207
658855,16768,5,0,0,8192,619,619
2252283,50048,13,0,0,8192,8192,34756
999123,16640,4,0,0,8192,661,661
575978,25088,7,0,0,8192,8192,14209
618951,25088,7,0,0,8192,8192,9309
664774,16768,5,0,0,8192,688,688
2812004,75008,19,0,0,8192,8192,59839
788864,25088,7,0,0,8192,8192,14505
1462212,16768,5,0,0,8192,624,624
822517,24960,6,0,0,8192,8192,14760
830741,16640,4,0,0,8192,613,613
643061,25344,9,0,0,8192,8192,16557
698723,16640,4,0,0,8192,8192,8359
1340637,16640,4,0,0,8192,606,606
564128,16768,5,0,0,8192,681,681
711613,41472,9,0,0,8192,8192,31795
1575079,16640,4,0,0,8192,655,655
1611725,25088,7,0,0,8192,8192,11200
1312756,16640,4,0,0,8192,738,738
1504270,25088,7,0,0,8192,8192,11704
1900103,41728,11,0,0,8192,8192,26568
1924488,41728,11,0,0,8192,8192,30734
2141158,33408,9,0,0,8192,8192,18182
535585,33024,6,0,0,8192,8192,24116
501257,16640,4,0,0,8192,675,675
3626289,141568,35,0,0,8192,8192,123479
1354708,16640,4,0,0,8192,652,652
1807118,33408,9,0,0,8192,8192,22536
1885837,41472,9,0,0,8192,8192,24947
2833766,24960,6,0,0,8192,8192,9071
1730889,16768,5,0,0,8192,603,603
2094705,33408,9,0,0,8192,8192,21397
2034259,50048,13,0,0,8192,8192,34416
527797,16768,5,0,0,8192,619,619
1639814,16768,5,0,0,8192,640,640
1001240,24832,5,0,0,8192,8192,11609
1548228,25088,7,0,0,8192,8192,15151
1427882,16768,5,0,0,8192,647,647
1542853,25088,7,0,0,8192,8192,15921
1381497,16640,4,0,0,8192,621,621
1457014,16640,4,0,0,8192,649,649
1903256,16768,5,0,0,8192,628,628
30010487,456187,728,0,0,8192,8192,92881
1429700,16640,4,0,0,8192,652,652
1641447,16768,5,0,0,8192,667,667
1814180,16768,5,0,0,8192,658,658
2535309,16640,4,0,0,8192,685,685
737598,33280,8,0,0,8192,8192,21469
1316966,16640,4,0,0,8192,655,655
1252429,25088,7,0,0,8192,8192,11249
707061,41728,11,0,0,8192,8192,32128
1811753,24832,5,0,0,8192,8192,15544
761689,41728,11,0,0,8192,8192,26116
938020,25088,7,0,0,8192,8192,13045
1132342,65920,11,0,0,8192,8192,53640
899451,24960,6,0,0,8192,8192,13549
2070589,41472,9,0,0,8192,8192,26568
1152673,16768,5,0,0,8192,625,625
674678,16768,5,0,0,8192,617,617
1133537,49408,8,0,0,8192,8192,36561
1125213,141440,34,0,0,8192,8192,126352
802401,24832,5,0,0,8192,8192,12301
697666,49920,12,0,0,8192,8192,37736
2290897,24832,5,0,0,8192,8192,14782
1384949,16768,5,0,0,8192,655,655
1314615,16640,4,0,0,8192,658,658
682330,16640,4,0,0,8192,724,724
2414593,66176,13,0,0,8192,8192,50925
1164030,16768,5,0,0,8192,706,706
1207751,49792,11,0,0,8192,8192,40768
1896846,33408,9,0,0,8192,8192,17302
1654541,33280,8,0,0,8192,8192,22228
763710,25088,7,0,0,8192,8192,14768
1522152,25088,7,0,0,8192,8192,12534
747693,16640,4,0,0,8192,616,616
1282128,16640,4,0,0,8192,612,612
1866938,41728,11,0,0,8192,8192,26763
1749695,41600,10,0,0,8192,8192,27436
1382791,16768,5,0,0,8192,705,705
1491942,24960,6,0,0,8192,8192,13405
2075370,33408,9,0,0,8192,8192,19239
2158402,25088,7,0,0,8192,8192,9255
1549299,24960,6,0,0,8192,8192,11751
1483254,24960,6,0,0,8192,8192,13541
1295981,16640,4,0,0,8192,716,716
1488486,24960,6,0,0,8192,8192,11961
1436374,16640,4,0,0,8192,698,698
1429314,16640,4,0,0,8192,655,655
2280609,75008,19,0,0,8192,8192,59498
1577514,33280,8,0,0,8192,8192,19405
1485370,25088,7,0,0,8192,8192,12235
961297,16640,4,0,0,8192,634,634
1410583,16768,5,0,0,8192,636,636
1357610,16640,4,0,0,8192,628,628
1464853,25088,7,0,0,8192,8192,13261
505089,16640,4,0,0,8192,619,619
1499279,24960,6,0,0,8192,8192,11833
1865484,41728,11,0,0,8192,8192,31632
2058973,50048,13,0,0,8192,8192,36559
1011591,41216,7,0,0,8192,8192,27092
1452222,16768,5,0,0,8192,667,667
809283,16768,5,0,0,8192,722,722
1657982,16768,5,0,0,8192,636,636
1691746,33280,8,0,0,8192,8192,21587
1654378,25088,7,0,0,8192,8192,15616
2104340,75008,19,0,0,8192,8192,63052
1502796,16640,4,0,0,8192,669,669
595076,25088,7,0,0,8192,8192,14799
1495597,24960,6,0,0,8192,8192,12319
1273309,16640,4,0,0,8192,625,625
1492339,25088,7,0,0,8192,8192,13938
1325316,16768,5,0,0,8192,625,625
1600173,33408,9,0,0,8192,8192,23272
1308590,16640,4,0,0,8192,627,627
1659020,16768,5,0,0,8192,654,654
1899851,41600,10,0,0,8192,8192,32026
729658,16640,4,0,0,8192,640,640
1644953,33408,9,0,0,8192,8192,17628
1610647,25088,7,0,0,8192,8192,9664
2041378,50048,13,0,0,8192,8192,37524
2199725,66688,17,0,0,8192,8192,50383
1643119,33408,9,0,0,8192,8192,23589
1332510,16768,5,0,0,8192,640,640
1666763,41472,9,0,0,8192,8192,30345
1425906,24960,6,0,0,8192,8192,15289
2595488,108288,27,0,0,8192,8192,92102
1912660,41216,7,0,0,8192,8192,28984
1383836,16768,5,0,0,8192,659,659
1575653,25088,7,0,0,8192,8192,9181
746771,16768,5,0,0,8192,609,609
1817280,50048,13,0,0,8192,8192,36650
1442841,16768,5,0,0,8192,7551,7551
1629208,25088,7,0,0,8192,8192,13389
2026433,66688,17,0,0,8192,8192,49867
1367659,16768,5,0,0,8192,667,667
1258829,16640,4,0,0,8192,725,725
1249036,16640,4,0,0,8192,640,640
1725191,33280,8,0,0,8192,8192,19622
1521534,25088,7,0,0,8192,8192,11622
1403387,16768,5,0,0,8192,688,688
514987,16640,4,0,0,8192,619,619
1771249,49920,12,0,0,8192,8192,38206
591127,16768,5,0,0,8192,697,697
3554250,199808,49,0,0,8192,8192,187385
1294234,16640,4,0,0,8192,676,676
370697,16768,5,0,0,8192,655,655
1626210,33408,9,0,0,8192,8192,17771
462171,25088,7,0,0,8192,8192,11118
1870884,50048,13,0,0,8192,8192,34552
1766751,33408,9,0,0,8192,8192,17208
1269208,16640,4,0,0,8192,8192,8192
1273405,16640,4,0,0,8192,727,727
1224433,16640,4,0,0,8192,679,679
1374143,16640,4,0,0,8192,670,670
1417627,16768,5,0,0,8192,703,703
1513711,25088,7,0,0,8192,8192,12432
1748167,41600,10,0,0,8192,8192,26057
1233991,16640,4,0,0,8192,649,649
716440,24960,6,0,0,8192,8192,15864
1425045,16768,5,0,0,8192,640,640
1673619,33280,8,0,0,8192,8192,18973
484830,24832,5,0,0,8192,8192,11470
1600588,25088,7,0,0,8192,8192,11551
1563059,24960,6,0,0,8192,8192,9404
2196698,74496,15,0,0,8192,8192,61052
1543679,24960,6,0,0,8192,8192,10413
1339125,16640,4,0,0,8192,633,633
1305192,16640,4,0,0,8192,702,702
1373254,16768,5,0,0,8192,688,688
1255310,16640,4,0,0,8192,625,625
1220243,16640,4,0,0,8192,631,631
1237008,16640,4,0,0,8192,697,697
1513542,24960,6,0,0,8192,8192,14118
1331331,16640,4,0,0,8192,625,625
1253406,16640,4,0,0,8192,625,625
1247163,16640,4,0,0,8192,615,615
1329740,16768,5,0,0,8192,597,597
1920279,16768,5,0,0,8192,640,640
1481145,24960,6,0,0,8192,8192,8687
1576683,33152,7,0,0,8192,8192,23265
1373382,16768,5,0,0,8192,673,673
1663585,33408,9,0,0,8192,8192,17224
1266861,16640,4,0,0,8192,702,702
1768776,41600,10,0,0,8192,8192,31723
1872660,33408,9,0,0,8192,8192,17598
707900,108160,26,0,0,8192,8192,92105
1392288,24960,6,0,0,8192,8192,12426
1735455,41728,11,0,0,8192,8192,29479
1573951,33408,9,0,0,8192,8192,19182
1286323,16640,4,0,0,8192,680,680
1238058,16640,4,0,0,8192,669,669
1294487,16640,4,0,0,8192,655,655
1273346,16640,4,0,0,8192,677,677
1346806,16640,4,0,0,8192,648,648
1307352,16768,5,0,0,8192,712,712
1448595,25088,7,0,0,8192,8192,11675
1293124,16640,4,0,0,8192,618,618
706073,16640,4,0,0,8192,682,682
1221267,16640,4,0,0,8192,669,669
1252861,16640,4,0,0,8192,674,674
1343929,16640,4,0,0,8192,676,676
1410343,16768,5,0,0,8192,710,710
1314145,16640,4,0,0,8192,682,682
1276202,16640,4,0,0,8192,628,628
1449658,24960,6,0,0,8192,8192,15089
1417784,16768,5,0,0,8192,664,664
1727215,33408,9,0,0,8192,8192,16906
2123907,66560,16,0,0,8192,8192,50639
2242989,91648,23,0,0,8192,8192,80414
1261932,16640,4,0,0,8192,622,622
1509210,33152,7,0,0,8192,8192,20801
1611555,33280,8,0,0,8192,8192,18558
2201719,99200,19,0,0,8192,8192,83951
1335236,16640,4,0,0,8192,646,646
884983,66688,17,0,0,8192,8192,50410
1553456,33408,9,0,0,8192,8192,21205
1523676,25088,7,0,0,8192,8192,15289
2104655,91136,19,0,0,8192,8192,74278
1320742,16640,4,0,0,8192,713,713
1656977,41472,9,0,0,8192,8192,26072
1230698,16640,4,0,0,8192,641,641
1251109,16640,4,0,0,8192,622,622
1378176,16640,4,0,0,8192,649,649
1251512,16640,4,0,0,8192,667,667
1543952,41344,8,0,0,8192,8192,26246
1436133,24960,6,0,0,8192,8192,15427
1661139,41472,9,0,0,8192,8192,29718
1783340,41728,11,0,0,8192,8192,32517
1319487,16640,4,0,0,8192,676,676
1282325,16640,4,0,0,8192,683,683
1484845,24960,6,0,0,8192,8192,9873
1837787,50048,13,0,0,8192,8192,32960
1412306,24960,6,0,0,8192,8192,11528
1651200,25088,7,0,0,8192,8192,15693
2172184,49664,10,0,0,8192,8192,34964
1785921,41728,11,0,0,8192,8192,26359
1268031,16640,4,0,0,8192,654,654
1353912,16768,5,0,0,8192,625,625
2216021,83200,20,0,0,8192,8192,72129
1576266,25088,7,0,0,8192,8192,13881
1252167,16640,4,0,0,8192,633,633
2687232,75008,19,0,0,8192,8192,60219
1286503,16640,4,0,0,8192,666,666
1555954,33280,8,0,0,8192,8192,20065
742133,24960,6,0,0,8192,8192,15243
517854,41344,8,0,0,8192,8192,28635
1573198,24960,6,0,0,8192,8192,12264
2007779,66432,15,0,0,8192,8192,56159
1251087,16640,4,0,0,8192,621,621
1260114,16640,4,0,0,8192,627,627
1886810,49920,12,0,0,8192,8192,33933
1383915,16768,5,0,0,8192,646,646
1531099,25088,7,0,0,8192,8192,15146
1480653,25088,7,0,0,8192,8192,9228
1059248,41600,10,0,0,8192,8192,28510
1521211,25088,7,0,0,8192,8192,14151
2203230,41728,11,0,0,8192,8192,32768
1618515,25088,7,0,0,8192,8192,11003
1329310,16640,4,0,0,8192,688,688
1485751,24960,6,0,0,8192,8192,10112
1916867,66176,13,0,0,8192,8192,51326
1273786,16640,4,0,0,8192,676,676
2268854,83328,21,0,0,8192,8192,73082
1387688,24960,6,0,0,8192,8192,10711
1219444,16640,4,0,0,8192,621,621
2042856,49920,12,0,0,8192,8192,34975
1675042,25088,7,0,0,8192,8192,13071
1950140,50048,13,0,0,8192,8192,37067
1453223,25088,7,0,0,8192,8192,8502
1445483,25088,7,0,0,8192,8192,14363
1282513,16640,4,0,0,8192,631,631
1581097,25088,7,0,0,8192,8192,16020
2460732,75008,19,0,0,8192,8192,64261
1566371,25088,7,0,0,8192,8192,12955
1531075,24960,6,0,0,8192,8192,14506
1263142,16640,4,0,0,8192,652,652
1495008,25088,7,0,0,8192,8192,8595
1312101,16768,5,0,0,8192,625,625
1330126,16640,4,0,0,8192,631,631
1327613,16768,5,0,0,8192,660,660
1465602,24960,6,0,0,8192,8192,11195
1353626,16640,4,0,0,8192,741,741
1265633,16640,4,0,0,8192,624,624
1000708,50048,13,0,0,8192,8192,37137
1306377,16640,4,0,0,8192,686,686
1553427,33280,8,0,0,8192,8192,22420
1293644,16640,4,0,0,8192,686,686
1316483,16640,4,0,0,8192,677,677
1848185,33408,9,0,0,8192,8192,19635
469942,24960,6,0,0,8192,8192,13407
1309078,16640,4,0,0,8192,619,619
1304900,16640,4,0,0,8192,682,682
1324145,16640,4,0,0,8192,634,634
1684368,41472,9,0,0,8192,8192,29146
1534802,24960,6,0,0,8192,8192,15247
1365910,16768,5,0,0,8192,743,743
1982259,41728,11,0,0,8192,8192,25038
1250746,16640,4,0,0,8192,748,748
1473445,24960,6,0,0,8192,8192,9924
1256807,16640,4,0,0,8192,741,741
1524488,24960,6,0,0,8192,8192,8981
1379274,16640,4,0,0,8192,748,748
1413031,16768,5,0,0,8192,654,654
1454513,24960,6,0,0,8192,8192,10146
1282744,16640,4,0,0,8192,619,619
1697853,33280,8,0,0,8192,8192,23304
1330434,16640,4,0,0,8192,669,669
1203737,16640,4,0,0,8192,721,721
1358759,16640,4,0,0,8192,625,625
544204,16768,5,0,0,8192,619,619
482326,25088,7,0,0,8192,8192,12053
1811529,33408,9,0,0,8192,8192,18424
778832,16768,5,0,0,8192,663,663
1746501,41600,10,0,0,8192,8192,29240
1311318,16640,4,0,0,8192,650,650
1836936,33280,8,0,0,8192,8192,22956
1676235,33408,9,0,0,8192,8192,22688
1965896,58112,13,0,0,8192,8192,44161
1618126,33280,8,0,0,8192,8192,16915
1262759,16640,4,0,0,8192,688,688
1271194,16640,4,0,0,8192,652,652
1506145,33152,7,0,0,8192,8192,20061
1582006,25088,7,0,0,8192,8192,12212
1514813,24960,6,0,0,8192,8192,13665
1328645,16640,4,0,0,8192,8192,8192
1643362,33280,8,0,0,8192,8192,22140
1368802,16768,5,0,0,8192,678,678
1335148,16768,5,0,0,8192,637,637
1443898,24960,6,0,0,8192,8192,15674
1517169,25088,7,0,0,8192,8192,12121
40075005,381307,710,0,0,8192,8192,17747
715592,24960,6,0,0,8192,8192,14476
1337514,16640,4,0,0,8192,655,655
1251085,16640,4,0,0,8192,670,670
1605005,24960,6,0,0,8192,8192,14726
1819479,25088,7,0,0,8192,8192,11418
1786572,49920,12,0,0,8192,8192,35971
1346459,16768,5,0,0,8192,622,622
1225598,16768,5,0,0,8192,676,676
705470,41216,7,0,0,8192,8192,28022
2189833,25088,7,0,0,8192,8192,14464
792787,16768,5,0,0,8192,669,669
1466376,24960,6,0,0,8192,8192,10640
1902589,16640,4,0,0,8192,642,642
620418,16640,4,0,0,8192,633,633
599013,16768,5,0,0,8192,679,679
1480674,16768,5,0,0,8192,606,606
2278231,16768,5,0,0,8192,661,661
797001,16640,4,0,0,8192,625,625
1491196,16768,5,0,0,8192,625,625
2091501,41728,11,0,0,8192,8192,28524
646283,49792,11,0,0,8192,8192,35359
1592348,16640,4,0,0,8192,615,615
1881607,33408,9,0,0,8192,8192,17992
1529948,16640,4,0,0,8192,661,661
1345524,24832,5,0,0,8192,8192,15020
1480599,25088,7,0,0,8192,8192,13983
1373990,16768,5,0,0,8192,637,637
617212,16640,4,0,0,8192,655,655
1259766,16640,4,0,0,8192,621,621
574589,16768,5,0,0,8192,655,655
1474407,25088,7,0,0,8192,8192,14205
1342356,16768,5,0,0,8192,655,655
1307764,16768,5,0,0,8192,613,613
2325769,58240,14,0,0,8192,8192,43123
1291657,16640,4,0,0,8192,625,625
2014510,50048,13,0,0,8192,8192,39420
2813055,99968,25,0,0,8192,8192,83146
1223693,16640,4,0,0,8192,625,625
1794901,33280,8,0,0,8192,8192,22350
1355308,16640,4,0,0,8192,655,655
2126356,16640,4,0,0,8192,669,669
1409892,16640,4,0,0,8192,649,649
2022740,58368,15,0,0,8192,8192,47130
1387239,16640,4,0,0,8192,652,652
2503659,83328,21,0,0,8192,8192,73513
1226385,16640,4,0,0,8192,673,673
1323165,16768,5,0,0,8192,633,633
1959880,50048,13,0,0,8192,8192,33435
1211385,16768,5,0,0,8192,705,705
1410130,16640,4,0,0,8192,612,612
1294763,16640,4,0,0,8192,721,721
1458731,16640,4,0,0,8192,8057,8057
1829853,66432,15,0,0,8192,8192,53957
1762265,33280,8,0,0,8192,8192,23454
1679171,49664,10,0,0,8192,8192,40513
1247859,16640,4,0,0,8192,603,603
1373639,16640,4,0,0,8192,646,646
1308382,16640,4,0,0,8192,681,681
593961,16768,5,0,0,8192,631,631
1438617,16640,4,0,0,8192,748,748
1411089,16640,4,0,0,8192,677,677
1675462,33408,9,0,0,8192,8192,23855
1347182,16768,5,0,0,8192,677,677
1369917,24960,6,0,0,8192,8192,10402
2178307,57728,10,0,0,8192,8192,44491
1649605,25088,7,0,0,8192,8192,9515
1234746,16640,4,0,0,8192,627,627
1236110,16640,4,0,0,8192,603,603
2189751,82816,17,0,0,8192,8192,73075
1783211,49920,12,0,0,8192,8192,37033
1534032,25088,7,0,0,8192,8192,9955
1752358,33408,9,0,0,8192,8192,16990
1393712,16768,5,0,0,8192,646,646
1855128,50048,13,0,0,8192,8192,34026
1254534,16640,4,0,0,8192,661,661
1543282,16768,5,0,0,8192,594,594
1665004,25088,7,0,0,8192,8192,8463
1597333,25088,7,0,0,8192,8192,13133
1383441,16768,5,0,0,8192,652,652
2211368,66688,17,0,0,8192,8192,55423
1448974,16768,5,0,0,8192,639,639
1234612,16640,4,0,0,8192,673,673
1395127,16640,4,0,0,8192,635,635
1637963,41600,10,0,0,8192,8192,31575
1597105,24832,5,0,0,8192,8192,12141
2417482,83328,21,0,0,8192,8192,66648
1486143,24960,6,0,0,8192,8192,9838
549542,16640,4,0,0,8192,627,627
1678837,41472,9,0,0,8192,8192,30378
1375154,16768,5,0,0,8192,643,643
1761154,16640,4,0,0,8192,648,648
1832596,25088,7,0,0,8192,8192,10896
839995,16640,4,0,0,8192,630,630
541695,16640,4,0,0,8192,679,679
1548091,25088,7,0,0,8192,8192,11992
2069688,75008,19,0,0,8192,8192,62900
2019433,50048,13,0,0,8192,8192,38102
540462,57984,12,0,0,8192,8192,46914
2111515,41344,8,0,0,8192,8192,31167
1686685,16640,4,0,0,8192,673,673
1347149,16768,5,0,0,8192,685,685
1640676,33152,7,0,0,8192,8192,19133
1405645,33408,9,0,0,8192,8192,16607
1248529,41728,11,0,0,8192,8192,26267
907348,16640,4,0,0,8192,739,739
1524725,25088,7,0,0,8192,8192,12992
1379426,16768,5,0,0,8192,634,634
1815370,41728,11,0,0,8192,8192,26525
1727330,33408,9,0,0,8192,8192,19316
891910,33152,7,0,0,8192,8192,21206
1677288,41472,9,0,0,8192,8192,32662
1437846,24960,6,0,0,8192,8192,10451
1390995,16768,5,0,0,8192,714,714
1288502,16640,4,0,0,8192,688,688
1467327,16768,5,0,0,8192,667,667
1804978,41728,11,0,0,8192,8192,26665
712196,25088,7,0,0,8192,8192,16513
1449392,24960,6,0,0,8192,8192,10994
2530840,74240,13,0,0,8192,8192,62435
1671006,41600,10,0,0,8192,8192,28141
1212798,16640,4,0,0,8192,677,677
1429679,24960,6,0,0,8192,8192,15835
1561829,25088,7,0,0,8192,8192,15438
1488210,25088,7,0,0,8192,8192,11992
659988,24960,6,0,0,8192,8192,8453
1310394,16640,4,0,0,8192,612,612
702562,41344,8,0,0,8192,8192,31170
1329567,16640,4,0,0,8192,691,691
1415482,16640,4,0,0,8192,652,652
1310291,24832,5,0,0,8192,8192,12301
1251486,16640,4,0,0,8192,669,669
1442970,33152,7,0,0,8192,8192,20119
1279610,16640,4,0,0,8192,673,673
1382368,16640,4,0,0,8192,603,603
529464,16640,4,0,0,8192,646,646
525011,16640,4,0,0,8192,625,625
561130,16640,4,0,0,8192,728,728
970321,82688,16,0,0,8192,8192,72302
1108627,25088,7,0,0,8192,8192,10624
1308170,16640,4,0,0,8192,763,763
2172453,41344,8,0,0,8192,8192,26021
1442553,25088,7,0,0,8192,8192,11022
1411525,25088,7,0,0,8192,8192,12914
1106126,16640,4,0,0,8192,659,659
1501528,25088,7,0,0,8192,8192,8493
1766802,33408,9,0,0,8192,8192,16639
1304905,16640,4,0,0,8192,667,667
1847423,41728,11,0,0,8192,8192,26101
1566430,33280,8,0,0,8192,8192,19639
1649014,49664,10,0,0,8192,8192,34399
1644857,16768,5,0,0,8192,619,619
1721547,33280,8,0,0,8192,8192,18724
1701897,16768,5,0,0,8192,686,686
1346891,24960,6,0,0,8192,8192,11385
1244173,16640,4,0,0,8192,661,661
655191,24960,6,0,0,8192,8192,9838
1890239,49920,12,0,0,8192,8192,33211
1555289,16640,4,0,0,8192,673,673
1441926,25088,7,0,0,8192,8192,11095
1367265,24960,6,0,0,8192,8192,15840
1438892,25088,7,0,0,8192,8192,12065
1755355,25088,7,0,0,8192,8192,15519
1580423,33152,7,0,0,8192,8192,20065
1862908,41728,11,0,0,8192,8192,24928
1332468,16768,5,0,0,8192,628,628
1464748,16640,4,0,0,8192,674,674
1241530,16640,4,0,0,8192,688,688
1326820,16640,4,0,0,8192,625,625
1218134,16640,4,0,0,8192,652,652
1207008,16640,4,0,0,8192,679,679
1225526,16640,4,0,0,8192,612,612
1314754,16640,4,0,0,8192,634,634
926028,25088,7,0,0,8192,8192,12680
1468032,25088,7,0,0,8192,8192,10479
1737461,33408,9,0,0,8192,8192,20096
2011657,66560,16,0,0,8192,8192,51626
1895291,49920,12,0,0,8192,8192,34395
1381891,50048,13,0,0,8192,8192,37881
2063952,58240,14,0,0,8192,8192,46768
547389,16768,5,0,0,8192,680,680
1888304,58368,15,0,0,8192,8192,45101
1861101,50048,13,0,0,8192,8192,33540
1541082,33408,9,0,0,8192,8192,23112
1479576,24960,6,0,0,8192,8192,10739
651133,25088,7,0,0,8192,8192,16384
1745279,41600,10,0,0,8192,8192,25701
1286894,16640,4,0,0,8192,657,657
1501314,25088,7,0,0,8192,8192,8606
1303099,16640,4,0,0,8192,703,703
1259412,16640,4,0,0,8192,665,665
1248329,16640,4,0,0,8192,696,696
2057842,74752,17,0,0,8192,8192,61566
1510465,25088,7,0,0,8192,8192,9265
1306331,16640,4,0,0,8192,609,609
984546,16640,4,0,0,8192,711,711
1288581,16640,4,0,0,8192,603,603
1517214,25088,7,0,0,8192,8192,10384
1360180,16768,5,0,0,8192,618,618
1706219,41600,10,0,0,8192,8192,32248
1443353,24960,6,0,0,8192,8192,15695
2990379,158080,38,0,0,8192,8192,146278
1313459,16768,5,0,0,8192,664,664
1753931,49920,12,0,0,8192,8192,37232
2217188,33280,8,0,0,8192,8192,21744
1673241,25088,7,0,0,8192,8192,12159
2220977,82944,18,0,0,8192,8192,67098
1512320,33280,8,0,0,8192,8192,20660
1536043,25088,7,0,0,8192,8192,12878
1352587,24960,6,0,0,8192,8192,14691
1240221,16640,4,0,0,8192,670,670
1349225,16768,5,0,0,8192,721,721
1270951,16640,4,0,0,8192,661,661
1321554,16640,4,0,0,8192,648,648
947758,16768,5,0,0,8192,600,600
1314692,16768,5,0,0,8192,646,646
1494881,25088,7,0,0,8192,8192,13285
1522888,25088,7,0,0,8192,8192,10573
1458554,25088,7,0,0,8192,8192,11069
1193475,16640,4,0,0,8192,669,669
1395675,24960,6,0,0,8192,8192,11871
1559731,24960,6,0,0,8192,8192,13256
1821284,41728,11,0,0,8192,8192,25436
1474154,25088,7,0,0,8192,8192,11116
1122602,25088,7,0,0,8192,8192,10771
1345628,16768,5,0,0,8192,603,603
1456673,33152,7,0,0,8192,8192,19425
1847357,50048,13,0,0,8192,8192,35537
1413890,24960,6,0,0,8192,8192,10695
1189190,16640,4,0,0,8192,625,625
1517509,25088,7,0,0,8192,8192,13801
1281482,16640,4,0,0,8192,621,621
1727946,41728,11,0,0,8192,8192,31965
1559593,16768,5,0,0,8192,624,624
1335372,16768,5,0,0,8192,673,673
1362664,16768,5,0,0,8192,606,606
1413580,16640,4,0,0,8192,627,627
1339678,16768,5,0,0,8192,639,639
1510596,33280,8,0,0,8192,8192,17673
1402084,16768,5,0,0,8192,696,696
1356554,16640,4,0,0,8192,679,679
1401293,16768,5,0,0,8192,662,662
1506895,25088,7,0,0,8192,8192,8830
1316197,16640,4,0,0,8192,661,661
1614576,33408,9,0,0,8192,8192,24327
1286769,16768,5,0,0,8192,670,670
1691764,33408,9,0,0,8192,8192,23831
1411836,16768,5,0,0,8192,617,617
1198335,16640,4,0,0,8192,684,684
1710048,49920,12,0,0,8192,8192,36408
2151553,33152,7,0,0,8192,8192,19510
948313,41472,9,0,0,8192,8192,32028
1842014,58368,15,0,0,8192,8192,43848
652226,24960,6,0,0,8192,8192,15347
1280662,16640,4,0,0,8192,661,661
1274153,16640,4,0,0,8192,624,624
1537224,33152,7,0,0,8192,8192,20913
1523779,25088,7,0,0,8192,8192,11395
1278072,16640,4,0,0,8192,615,615
1331324,16640,4,0,0,8192,625,625
1610209,33280,8,0,0,8192,8192,17181
1327925,16640,4,0,0,8192,643,643
1436663,16768,5,0,0,8192,646,646
1451618,25088,7,0,0,8192,8192,12214
1787468,41600,10,0,0,8192,8192,28564
2467265,83200,20,0,0,8192,8192,70602
1679930,33408,9,0,0,8192,8192,21205
1268167,16640,4,0,0,8192,667,667
1666875,49664,10,0,0,8192,8192,33865
1364323,16768,5,0,0,8192,682,682
1271286,16640,4,0,0,8192,625,625
1270022,16640,4,0,0,8192,675,675
2906064,116608,29,0,0,8192,8192,103972
2083230,57984,12,0,0,8192,8192,42720
1545164,33280,8,0,0,8192,8192,22567
1292716,16640,4,0,0,8192,637,637
1454063,24960,6,0,0,8192,8192,14363
1293710,16640,4,0,0,8192,719,719
1524976,33152,7,0,0,8192,8192,20593
1830603,49664,10,0,0,8192,8192,35393
1653561,33408,9,0,0,8192,8192,20867
1245813,16640,4,0,0,8192,661,661
922567,41728,11,0,0,8192,8192,28882
1655776,41472,9,0,0,8192,8192,26445
1879505,58112,13,0,0,8192,8192,46061
1461615,25088,7,0,0,8192,8192,10051
1577875,33280,8,0,0,8192,8192,24696
1279142,16640,4,0,0,8192,628,628
1281155,16640,4,0,0,8192,673,673
1342807,16640,4,0,0,8192,697,697
1298381,16768,5,0,0,8192,721,721
41093177,364539,705,0,0,8192,622,622
1253510,16640,4,0,0,8192,636,636
1401964,16640,4,0,0,8192,694,694
1697176,33408,9,0,0,8192,8192,23677
1347637,16640,4,0,0,8192,627,627
1583345,24960,6,0,0,8192,8192,9282
1701182,41600,10,0,0,8192,8192,27463
1849488,41728,11,0,0,8192,8192,29527
507669,33280,8,0,0,8192,8192,17801
1791503,49920,12,0,0,8192,8192,38437
809778,49920,12,0,0,8192,8192,34007
1412129,25088,7,0,0,8192,8192,12350
1737496,49920,12,0,0,8192,8192,40677
1230982,16640,4,0,0,8192,677,677
1352004,16640,4,0,0,8192,664,664
1459943,16640,4,0,0,8192,739,739
1347606,16640,4,0,0,8192,664,664
1429864,24960,6,0,0,8192,8192,13077
1282716,16640,4,0,0,8192,624,624
1268932,16640,4,0,0,8192,654,654
1277181,16640,4,0,0,8192,688,688
1235350,16640,4,0,0,8192,606,606
1317975,16640,4,0,0,8192,729,729
1276484,16640,4,0,0,8192,658,658
1410457,25088,7,0,0,8192,8192,11757
1988819,58240,14,0,0,8192,8192,47498
1325081,16640,4,0,0,8192,625,625
1205271,16640,4,0,0,8192,633,633
1706414,25088,7,0,0,8192,8192,16384
2288698,50048,13,0,0,8192,8192,39589
1279204,16640,4,0,0,8192,731,731
2814846,108288,27,0,0,8192,8192,94777
2434408,107520,21,0,0,8192,8192,97548
1235003,16640,4,0,0,8192,625,625
1296242,16640,4,0,0,8192,676,676
1300246,16640,4,0,0,8192,643,643
1326398,16640,4,0,0,8192,685,685
1477873,25088,7,0,0,8192,8192,12872
1279827,16640,4,0,0,8192,625,625
1354740,16768,5,0,0,8192,679,679
1259574,16640,4,0,0,8192,683,683
1915660,33280,8,0,0,8192,8192,20276
1445043,25088,7,0,0,8192,8192,13752
1264235,16640,4,0,0,8192,685,685
